#Source             Age  Drift_min Drift_max  M_min   M_max
#-----------------------------------------------------------
J16083070-3828268  2.0   0.096      1.453   0.0087  0.2453
Sz65               2.0   0.084      1.130   0.0064  0.1765
MYLup              2.0   0.259      2.493   0.0151  0.2198
Sz71               2.0   0.138      1.082   0.0150  0.2131
Sz118              2.0   0.111      2.201   0.0055  0.2013
Sz129              2.0   0.086      0.419   0.0176  0.1747
Sz98               2.0   0.074      0.355   0.0228  0.2245
Sz111              2.0   0.193      2.780   0.0136  0.2744
Sz130              2.0   0.006      0.364   0.0005  0.1507
J16124373-3815031  2.0   0.084      2.280   0.0027  0.1499
Sz68               2.0   0.146      0.745   0.0150  0.1360
J162739.4-243915   1.0   0.273      2.290   0.0110  0.1479
J162854.1-244744   1.0   0.076      2.562   0.0023  0.1549
J162618.9-242820   1.0   0.267      2.285   0.0165  0.2150
J162645.0-242308   1.0   0.223      1.235   0.0342  0.2849
J162823.3-242241   1.0   0.090      4.183   0.0033  0.2299
J162556.1-242048   1.0   0.704      5.233   0.0115  0.1195
J162739.0-235818   1.0   0.147      1.466   0.0061  0.1168
J162623.6-242439   1.0   0.091      0.414   0.0243  0.2178
J162738.3-243658   1.0   0.054      1.015   0.0045  0.2026
J11104959-7717517  2.0   0.037      0.417   0.0063  0.2076
J11075792-7738449  2.0   0.032      1.635   0.0022  0.2467
J11114632-7620092  2.0   0.057      0.985   0.0040  0.1628
J11173700-7704381  2.0   0.017      0.208   0.0031  0.1449
J11105333-7634319  2.0   0.025      0.310   0.0036  0.1419
J11095340-7634255  2.0   0.062      0.626   0.0085  0.2067
J11123092-7644241  2.0   0.020      0.672   0.0014  0.1958
J11085367-7521359  2.0   0.056      1.735   0.0028  0.1833
J10590108-7722407  2.0   0.010      0.060   0.0068  0.1864
J11095407-7629253  2.0   0.038      1.119   0.0034  0.2412
